5
8 7
0 0 0 1 0 0 0
0 0 0 0 0 0 0
0 0 0 0 0 0 0
0 1 0 0 1 0 0
0 1 0 0 0 0 0
0 0 0 0 0 0 0
0 0 1 0 0 0 0
0 0 0 0 0 0 0
8 8
0 0 0 0 1 0 0 0
0 0 0 0 0 0 0 0
0 1 1 0 0 0 0 0
0 0 0 0 0 0 0 0
0 0 0 0 0 0 0 0
0 0 0 0 0 1 0 0
0 1 0 0 0 1 0 0
0 1 0 0 0 0 0 1
7 10
0 1 1 1 1 1 1 0 1 0
0 1 1 0 1 1 0 1 0 1
1 1 0 1 1 0 0 0 1 1
0 1 0 1 1 1 0 1 1 1
1 1 0 0 1 1 1 1 1 1
1 1 0 1 1 1 1 0 1 1
1 1 0 1 0 0 0 1 0 1
10 11
0 1 0 0 1 0 0 0 0 1 1
0 0 0 0 1 0 1 1 0 0 0
0 0 0 0 0 0 0 0 0 0 0
1 0 0 0 0 0 0 0 0 0 0
0 0 0 1 0 0 1 0 0 0 0
0 0 0 0 0 1 0 0 0 1 0
1 0 0 0 0 0 0 0 0 1 0
0 0 0 0 1 0 0 0 0 0 1
0 0 0 0 0 0 0 0 1 0 0
0 0 1 1 0 0 0 0 0 0 0
10 14
0 1 1 0 0 0 0 1 0 0 1 0 0 1
1 1 0 0 0 1 0 1 1 1 0 0 0 0
0 0 0 0 1 1 0 0 0 0 0 0 0 0
1 0 1 1 0 0 0 0 1 0 1 1 0 1
0 0 0 0 0 0 0 0 1 0 0 0 0 0
0 1 1 0 0 0 0 1 1 0 0 1 0 0
0 1 0 1 0 1 0 1 0 0 0 0 0 0
0 1 0 1 0 1 1 0 1 0 0 0 1 0
0 0 0 0 1 0 0 1 0 1 0 0 1 0
1 0 0 1 0 0 0 0 0 0 0 0 0 0
